/*--------------------------------*- C++ -*----------------------------------*\
| =========                 |                                                 |
| \\      /  F ield         | OpenFOAM: The Open Source CFD Toolbox           |
|  \\    /   O peration     | Version:  v2012                                 |
|   \\  /    A nd           | Website:  www.openfoam.com                      |
|    \\/     M anipulation  |                                                 |
\*---------------------------------------------------------------------------*/
FoamFile
{
    version     2.0;
    format      ascii;
    class       volVectorField;
    location    "9.5";
    object      wallShearStress;
}
// * * * * * * * * * * * * * * * * * * * * * * * * * * * * * * * * * * * * * //

dimensions      [0 2 -2 0 0 0 0];


internalField   uniform (0 0 0);

boundaryField
{
    inlet
    {
        type            calculated;
        value           uniform (0 0 0);
    }
    outlet
    {
        type            calculated;
        value           uniform (0 0 0);
    }
    topWall
    {
        type            calculated;
        value           nonuniform List<vector> 
545
(
(9.47982e-09 -1.04661e-08 0)
(9.47551e-09 -2.92771e-08 0)
(9.4668e-09 -4.8834e-08 0)
(9.45383e-09 -6.78171e-08 0)
(9.4372e-09 -8.59801e-08 0)
(9.41732e-09 -1.03554e-07 0)
(9.39446e-09 -1.20687e-07 0)
(9.36884e-09 -1.37368e-07 0)
(9.34072e-09 -1.53561e-07 0)
(9.31035e-09 -1.69264e-07 0)
(9.27796e-09 -1.84497e-07 0)
(9.24376e-09 -1.99278e-07 0)
(9.20795e-09 -2.13617e-07 0)
(9.17072e-09 -2.27522e-07 0)
(9.13223e-09 -2.41004e-07 0)
(9.09266e-09 -2.54075e-07 0)
(9.05216e-09 -2.66745e-07 0)
(9.01085e-09 -2.79025e-07 0)
(8.96888e-09 -2.90927e-07 0)
(8.92636e-09 -3.0246e-07 0)
(8.88341e-09 -3.13635e-07 0)
(8.84013e-09 -3.24463e-07 0)
(8.79661e-09 -3.34954e-07 0)
(8.75295e-09 -3.45118e-07 0)
(8.70922e-09 -3.54965e-07 0)
(8.66551e-09 -3.64503e-07 0)
(8.62187e-09 -3.73744e-07 0)
(8.57837e-09 -3.82696e-07 0)
(8.53507e-09 -3.91367e-07 0)
(8.49202e-09 -3.99767e-07 0)
(8.44927e-09 -4.07905e-07 0)
(8.40686e-09 -4.15788e-07 0)
(8.36484e-09 -4.23425e-07 0)
(8.32322e-09 -4.30824e-07 0)
(8.28205e-09 -4.37991e-07 0)
(8.24136e-09 -4.44936e-07 0)
(8.20117e-09 -4.51664e-07 0)
(8.16149e-09 -4.58182e-07 0)
(8.12236e-09 -4.64499e-07 0)
(8.08379e-09 -4.70619e-07 0)
(8.04578e-09 -4.7655e-07 0)
(8.00836e-09 -4.82298e-07 0)
(7.97154e-09 -4.87868e-07 0)
(7.93531e-09 -4.93266e-07 0)
(7.8997e-09 -4.98499e-07 0)
(7.8647e-09 -5.0357e-07 0)
(7.83032e-09 -5.08487e-07 0)
(7.79656e-09 -5.13252e-07 0)
(7.76341e-09 -5.17873e-07 0)
(7.7309e-09 -5.22352e-07 0)
(7.699e-09 -5.26695e-07 0)
(7.66772e-09 -5.30907e-07 0)
(7.63705e-09 -5.34991e-07 0)
(7.607e-09 -5.38951e-07 0)
(7.57756e-09 -5.42792e-07 0)
(7.54872e-09 -5.46517e-07 0)
(7.52047e-09 -5.50131e-07 0)
(7.49282e-09 -5.53636e-07 0)
(7.46576e-09 -5.57036e-07 0)
(7.43927e-09 -5.60335e-07 0)
(7.41336e-09 -5.63535e-07 0)
(7.38801e-09 -5.6664e-07 0)
(7.36321e-09 -5.69654e-07 0)
(7.33897e-09 -5.72578e-07 0)
(7.31526e-09 -5.75415e-07 0)
(7.29209e-09 -5.78169e-07 0)
(7.26944e-09 -5.80842e-07 0)
(7.24731e-09 -5.83437e-07 0)
(7.22568e-09 -5.85955e-07 0)
(7.20455e-09 -5.884e-07 0)
(7.18388e-09 -5.90774e-07 0)
(7.16385e-09 -5.93075e-07 0)
(7.1444e-09 -5.95287e-07 0)
(7.12525e-09 -5.9743e-07 0)
(7.1063e-09 -5.99548e-07 0)
(7.08744e-09 -6.01653e-07 0)
(7.06862e-09 -6.03746e-07 0)
(7.04984e-09 -6.05824e-07 0)
(7.03109e-09 -6.07887e-07 0)
(7.01238e-09 -6.09934e-07 0)
(6.99371e-09 -6.11966e-07 0)
(6.97507e-09 -6.13984e-07 0)
(6.95647e-09 -6.15988e-07 0)
(6.93791e-09 -6.17977e-07 0)
(6.9194e-09 -6.19951e-07 0)
(6.90092e-09 -6.21912e-07 0)
(6.88248e-09 -6.23858e-07 0)
(6.86408e-09 -6.2579e-07 0)
(6.84573e-09 -6.27708e-07 0)
(6.82741e-09 -6.29612e-07 0)
(6.80914e-09 -6.31502e-07 0)
(6.79092e-09 -6.33379e-07 0)
(6.77272e-09 -6.35242e-07 0)
(6.75463e-09 -6.37091e-07 0)
(6.73636e-09 -6.38931e-07 0)
(6.71905e-09 -6.40737e-07 0)
(6.70305e-09 -6.4239e-07 0)
(6.6876e-09 -6.43886e-07 0)
(6.67268e-09 -6.45341e-07 0)
(6.65784e-09 -6.46801e-07 0)
(6.64297e-09 -6.48274e-07 0)
(6.62805e-09 -6.49748e-07 0)
(6.61307e-09 -6.5122e-07 0)
(6.59803e-09 -6.52691e-07 0)
(6.58294e-09 -6.54162e-07 0)
(6.56778e-09 -6.55634e-07 0)
(6.55257e-09 -6.57105e-07 0)
(6.53729e-09 -6.58577e-07 0)
(6.52196e-09 -6.60049e-07 0)
(6.50657e-09 -6.61521e-07 0)
(6.49112e-09 -6.62992e-07 0)
(6.4756e-09 -6.64464e-07 0)
(6.46003e-09 -6.65935e-07 0)
(6.4444e-09 -6.67407e-07 0)
(6.42871e-09 -6.68878e-07 0)
(6.41296e-09 -6.7035e-07 0)
(6.39715e-09 -6.71821e-07 0)
(6.38127e-09 -6.73292e-07 0)
(6.36534e-09 -6.74762e-07 0)
(6.34935e-09 -6.76233e-07 0)
(6.3333e-09 -6.77703e-07 0)
(6.31719e-09 -6.79173e-07 0)
(6.30102e-09 -6.80643e-07 0)
(6.28478e-09 -6.82112e-07 0)
(6.26849e-09 -6.83581e-07 0)
(6.25214e-09 -6.8505e-07 0)
(6.23573e-09 -6.86518e-07 0)
(6.21925e-09 -6.87986e-07 0)
(6.20272e-09 -6.89454e-07 0)
(6.18612e-09 -6.90921e-07 0)
(6.16947e-09 -6.92387e-07 0)
(6.15275e-09 -6.93853e-07 0)
(6.13598e-09 -6.95319e-07 0)
(6.11914e-09 -6.96784e-07 0)
(6.10225e-09 -6.98248e-07 0)
(6.08529e-09 -6.99712e-07 0)
(6.06827e-09 -7.01175e-07 0)
(6.05119e-09 -7.02637e-07 0)
(6.03406e-09 -7.04099e-07 0)
(6.01686e-09 -7.0556e-07 0)
(5.9996e-09 -7.0702e-07 0)
(5.98228e-09 -7.0848e-07 0)
(5.9649e-09 -7.09938e-07 0)
(5.94746e-09 -7.11396e-07 0)
(5.92996e-09 -7.12853e-07 0)
(5.91239e-09 -7.1431e-07 0)
(5.89477e-09 -7.15765e-07 0)
(5.87709e-09 -7.17219e-07 0)
(5.85935e-09 -7.18673e-07 0)
(5.84154e-09 -7.20125e-07 0)
(5.82368e-09 -7.21576e-07 0)
(5.80576e-09 -7.23027e-07 0)
(5.78777e-09 -7.24476e-07 0)
(5.76973e-09 -7.25924e-07 0)
(5.75163e-09 -7.27371e-07 0)
(5.73346e-09 -7.28817e-07 0)
(5.71524e-09 -7.30262e-07 0)
(5.69696e-09 -7.31706e-07 0)
(5.67862e-09 -7.33148e-07 0)
(5.66021e-09 -7.34589e-07 0)
(5.64175e-09 -7.36029e-07 0)
(5.62323e-09 -7.37467e-07 0)
(5.60465e-09 -7.38904e-07 0)
(5.58601e-09 -7.4034e-07 0)
(5.5673e-09 -7.41774e-07 0)
(5.54854e-09 -7.43207e-07 0)
(5.52973e-09 -7.44638e-07 0)
(5.51085e-09 -7.46068e-07 0)
(5.49191e-09 -7.47496e-07 0)
(5.47292e-09 -7.48923e-07 0)
(5.45386e-09 -7.50348e-07 0)
(5.43475e-09 -7.51772e-07 0)
(5.41558e-09 -7.53193e-07 0)
(5.39634e-09 -7.54614e-07 0)
(5.37706e-09 -7.56032e-07 0)
(5.35771e-09 -7.57449e-07 0)
(5.3383e-09 -7.58864e-07 0)
(5.31884e-09 -7.60277e-07 0)
(5.29932e-09 -7.61688e-07 0)
(5.27974e-09 -7.63097e-07 0)
(5.26011e-09 -7.64505e-07 0)
(5.24041e-09 -7.6591e-07 0)
(5.22066e-09 -7.67314e-07 0)
(5.20085e-09 -7.68715e-07 0)
(5.18099e-09 -7.70115e-07 0)
(5.16107e-09 -7.71512e-07 0)
(5.14109e-09 -7.72907e-07 0)
(5.12106e-09 -7.743e-07 0)
(5.10096e-09 -7.75691e-07 0)
(5.08082e-09 -7.7708e-07 0)
(5.06061e-09 -7.78467e-07 0)
(5.04036e-09 -7.79851e-07 0)
(5.02004e-09 -7.81233e-07 0)
(4.99967e-09 -7.82612e-07 0)
(4.97925e-09 -7.8399e-07 0)
(4.95877e-09 -7.85365e-07 0)
(4.93824e-09 -7.86737e-07 0)
(4.91765e-09 -7.88107e-07 0)
(4.897e-09 -7.89474e-07 0)
(4.87631e-09 -7.90839e-07 0)
(4.85556e-09 -7.92201e-07 0)
(4.83475e-09 -7.93561e-07 0)
(4.8139e-09 -7.94918e-07 0)
(4.79298e-09 -7.96272e-07 0)
(4.77202e-09 -7.97624e-07 0)
(4.75101e-09 -7.98973e-07 0)
(4.72994e-09 -8.00319e-07 0)
(4.70882e-09 -8.01662e-07 0)
(4.68764e-09 -8.03002e-07 0)
(4.66642e-09 -8.04339e-07 0)
(4.64515e-09 -8.05674e-07 0)
(4.62382e-09 -8.07005e-07 0)
(4.60244e-09 -8.08334e-07 0)
(4.58101e-09 -8.09659e-07 0)
(4.55954e-09 -8.10982e-07 0)
(4.53801e-09 -8.12301e-07 0)
(4.51643e-09 -8.13617e-07 0)
(4.49481e-09 -8.1493e-07 0)
(4.47313e-09 -8.1624e-07 0)
(4.45141e-09 -8.17546e-07 0)
(4.42964e-09 -8.18849e-07 0)
(4.40782e-09 -8.20149e-07 0)
(4.38595e-09 -8.21446e-07 0)
(4.36403e-09 -8.22739e-07 0)
(4.34207e-09 -8.24028e-07 0)
(4.32007e-09 -8.25314e-07 0)
(4.29801e-09 -8.26597e-07 0)
(4.27591e-09 -8.27876e-07 0)
(4.25376e-09 -8.29151e-07 0)
(4.23157e-09 -8.30423e-07 0)
(4.20934e-09 -8.31691e-07 0)
(4.18706e-09 -8.32955e-07 0)
(4.16473e-09 -8.34216e-07 0)
(4.14237e-09 -8.35473e-07 0)
(4.11996e-09 -8.36726e-07 0)
(4.0975e-09 -8.37975e-07 0)
(4.07501e-09 -8.3922e-07 0)
(4.05247e-09 -8.40461e-07 0)
(4.02989e-09 -8.41699e-07 0)
(4.00727e-09 -8.42932e-07 0)
(3.98461e-09 -8.44161e-07 0)
(3.9619e-09 -8.45386e-07 0)
(3.93916e-09 -8.46607e-07 0)
(3.91638e-09 -8.47824e-07 0)
(3.89356e-09 -8.49037e-07 0)
(3.8707e-09 -8.50245e-07 0)
(3.84781e-09 -8.51449e-07 0)
(3.82487e-09 -8.52649e-07 0)
(3.8019e-09 -8.53844e-07 0)
(3.77889e-09 -8.55035e-07 0)
(3.75585e-09 -8.56222e-07 0)
(3.73277e-09 -8.57404e-07 0)
(3.70965e-09 -8.58582e-07 0)
(3.6865e-09 -8.59754e-07 0)
(3.66332e-09 -8.60923e-07 0)
(3.6401e-09 -8.62087e-07 0)
(3.61685e-09 -8.63246e-07 0)
(3.59357e-09 -8.644e-07 0)
(3.57025e-09 -8.6555e-07 0)
(3.5469e-09 -8.66694e-07 0)
(3.52352e-09 -8.67834e-07 0)
(3.50011e-09 -8.68969e-07 0)
(3.47668e-09 -8.701e-07 0)
(3.45321e-09 -8.71225e-07 0)
(3.42971e-09 -8.72345e-07 0)
(3.40618e-09 -8.7346e-07 0)
(3.38266e-09 -8.7457e-07 0)
(3.35894e-09 -8.75676e-07 0)
(3.33591e-09 -8.7677e-07 0)
(3.31385e-09 -8.77808e-07 0)
(3.29212e-09 -8.7879e-07 0)
(3.27066e-09 -8.79761e-07 0)
(3.2491e-09 -8.80738e-07 0)
(3.22736e-09 -8.81724e-07 0)
(3.20542e-09 -8.82715e-07 0)
(3.18327e-09 -8.83708e-07 0)
(3.16091e-09 -8.84705e-07 0)
(3.13834e-09 -8.85705e-07 0)
(3.11556e-09 -8.8671e-07 0)
(3.09256e-09 -8.87718e-07 0)
(3.06934e-09 -8.88729e-07 0)
(3.04591e-09 -8.89743e-07 0)
(3.02226e-09 -8.9076e-07 0)
(2.99839e-09 -8.91781e-07 0)
(2.9743e-09 -8.92804e-07 0)
(2.94999e-09 -8.9383e-07 0)
(2.92546e-09 -8.94859e-07 0)
(2.90071e-09 -8.9589e-07 0)
(2.87573e-09 -8.96924e-07 0)
(2.85053e-09 -8.97959e-07 0)
(2.8251e-09 -8.98997e-07 0)
(2.79945e-09 -9.00036e-07 0)
(2.77357e-09 -9.01077e-07 0)
(2.74746e-09 -9.0212e-07 0)
(2.72112e-09 -9.03164e-07 0)
(2.69456e-09 -9.04209e-07 0)
(2.66776e-09 -9.05255e-07 0)
(2.64074e-09 -9.06302e-07 0)
(2.61349e-09 -9.07349e-07 0)
(2.586e-09 -9.08397e-07 0)
(2.55829e-09 -9.09445e-07 0)
(2.53034e-09 -9.10492e-07 0)
(2.50216e-09 -9.1154e-07 0)
(2.47376e-09 -9.12587e-07 0)
(2.44511e-09 -9.13633e-07 0)
(2.41624e-09 -9.14678e-07 0)
(2.38714e-09 -9.15722e-07 0)
(2.35781e-09 -9.16764e-07 0)
(2.32824e-09 -9.17805e-07 0)
(2.29845e-09 -9.18843e-07 0)
(2.26842e-09 -9.1988e-07 0)
(2.23817e-09 -9.20913e-07 0)
(2.20768e-09 -9.21944e-07 0)
(2.17697e-09 -9.22972e-07 0)
(2.14603e-09 -9.23996e-07 0)
(2.11486e-09 -9.25017e-07 0)
(2.08347e-09 -9.26034e-07 0)
(2.05186e-09 -9.27046e-07 0)
(2.02002e-09 -9.28053e-07 0)
(1.98795e-09 -9.29055e-07 0)
(1.95567e-09 -9.30052e-07 0)
(1.92317e-09 -9.31044e-07 0)
(1.89045e-09 -9.32029e-07 0)
(1.85752e-09 -9.33008e-07 0)
(1.82437e-09 -9.3398e-07 0)
(1.79101e-09 -9.34944e-07 0)
(1.75744e-09 -9.35901e-07 0)
(1.72367e-09 -9.36851e-07 0)
(1.68969e-09 -9.37791e-07 0)
(1.6555e-09 -9.38724e-07 0)
(1.62112e-09 -9.39646e-07 0)
(1.58654e-09 -9.4056e-07 0)
(1.55177e-09 -9.41463e-07 0)
(1.51681e-09 -9.42355e-07 0)
(1.48166e-09 -9.43237e-07 0)
(1.44633e-09 -9.44108e-07 0)
(1.41082e-09 -9.44966e-07 0)
(1.37513e-09 -9.45812e-07 0)
(1.33927e-09 -9.46646e-07 0)
(1.30324e-09 -9.47466e-07 0)
(1.26705e-09 -9.48273e-07 0)
(1.2307e-09 -9.49065e-07 0)
(1.1942e-09 -9.49842e-07 0)
(1.15755e-09 -9.50604e-07 0)
(1.12075e-09 -9.51351e-07 0)
(1.08382e-09 -9.52081e-07 0)
(1.04675e-09 -9.52794e-07 0)
(1.00955e-09 -9.5349e-07 0)
(9.72238e-10 -9.54167e-07 0)
(9.34806e-10 -9.54827e-07 0)
(8.97265e-10 -9.55467e-07 0)
(8.59622e-10 -9.56088e-07 0)
(8.21882e-10 -9.56688e-07 0)
(7.84054e-10 -9.57268e-07 0)
(7.46144e-10 -9.57826e-07 0)
(7.0816e-10 -9.58362e-07 0)
(6.70109e-10 -9.58876e-07 0)
(6.31999e-10 -9.59367e-07 0)
(5.93838e-10 -9.59833e-07 0)
(5.55634e-10 -9.60276e-07 0)
(5.17396e-10 -9.60693e-07 0)
(4.79132e-10 -9.61085e-07 0)
(4.40851e-10 -9.61451e-07 0)
(4.02562e-10 -9.6179e-07 0)
(3.64276e-10 -9.62101e-07 0)
(3.26e-10 -9.62384e-07 0)
(2.87745e-10 -9.62639e-07 0)
(2.4952e-10 -9.62864e-07 0)
(2.11337e-10 -9.63059e-07 0)
(1.73205e-10 -9.63224e-07 0)
(1.35135e-10 -9.63357e-07 0)
(9.71376e-11 -9.63458e-07 0)
(5.92239e-11 -9.63527e-07 0)
(2.14049e-11 -9.63562e-07 0)
(-1.63078e-11 -9.63563e-07 0)
(-5.39028e-11 -9.6353e-07 0)
(-9.13683e-11 -9.63462e-07 0)
(-1.28692e-10 -9.63358e-07 0)
(-1.65863e-10 -9.63218e-07 0)
(-2.02868e-10 -9.63041e-07 0)
(-2.39694e-10 -9.62826e-07 0)
(-2.7633e-10 -9.62573e-07 0)
(-3.12763e-10 -9.62281e-07 0)
(-3.48979e-10 -9.61949e-07 0)
(-3.84966e-10 -9.61577e-07 0)
(-4.20711e-10 -9.61165e-07 0)
(-4.562e-10 -9.60712e-07 0)
(-4.9142e-10 -9.60216e-07 0)
(-5.26358e-10 -9.59678e-07 0)
(-5.61001e-10 -9.59098e-07 0)
(-5.95334e-10 -9.58474e-07 0)
(-6.29344e-10 -9.57805e-07 0)
(-6.63017e-10 -9.57093e-07 0)
(-6.96341e-10 -9.56335e-07 0)
(-7.293e-10 -9.55531e-07 0)
(-7.61882e-10 -9.54682e-07 0)
(-7.94073e-10 -9.53786e-07 0)
(-8.25859e-10 -9.52843e-07 0)
(-8.57226e-10 -9.51853e-07 0)
(-8.88161e-10 -9.50815e-07 0)
(-9.18651e-10 -9.49729e-07 0)
(-9.48681e-10 -9.48595e-07 0)
(-9.78239e-10 -9.47411e-07 0)
(-1.00731e-09 -9.46179e-07 0)
(-1.03588e-09 -9.44896e-07 0)
(-1.06395e-09 -9.43564e-07 0)
(-1.09148e-09 -9.42182e-07 0)
(-1.11848e-09 -9.4075e-07 0)
(-1.14494e-09 -9.39266e-07 0)
(-1.17082e-09 -9.37733e-07 0)
(-1.19614e-09 -9.36148e-07 0)
(-1.22087e-09 -9.34512e-07 0)
(-1.245e-09 -9.32825e-07 0)
(-1.26853e-09 -9.31087e-07 0)
(-1.29144e-09 -9.29297e-07 0)
(-1.31372e-09 -9.27456e-07 0)
(-1.33536e-09 -9.25564e-07 0)
(-1.35634e-09 -9.2362e-07 0)
(-1.37668e-09 -9.21625e-07 0)
(-1.39634e-09 -9.19579e-07 0)
(-1.41533e-09 -9.17482e-07 0)
(-1.43363e-09 -9.15334e-07 0)
(-1.45124e-09 -9.13136e-07 0)
(-1.46815e-09 -9.10887e-07 0)
(-1.48435e-09 -9.08587e-07 0)
(-1.49984e-09 -9.06238e-07 0)
(-1.51461e-09 -9.03839e-07 0)
(-1.52866e-09 -9.01391e-07 0)
(-1.54197e-09 -8.98894e-07 0)
(-1.55455e-09 -8.96349e-07 0)
(-1.5664e-09 -8.93756e-07 0)
(-1.5775e-09 -8.91115e-07 0)
(-1.58786e-09 -8.88427e-07 0)
(-1.59747e-09 -8.85694e-07 0)
(-1.60633e-09 -8.82914e-07 0)
(-1.61445e-09 -8.80089e-07 0)
(-1.62181e-09 -8.7722e-07 0)
(-1.62842e-09 -8.74307e-07 0)
(-1.63428e-09 -8.71352e-07 0)
(-1.63939e-09 -8.68354e-07 0)
(-1.64376e-09 -8.65315e-07 0)
(-1.64738e-09 -8.62235e-07 0)
(-1.65026e-09 -8.59116e-07 0)
(-1.65239e-09 -8.55958e-07 0)
(-1.6538e-09 -8.52762e-07 0)
(-1.65447e-09 -8.4953e-07 0)
(-1.65441e-09 -8.46262e-07 0)
(-1.65363e-09 -8.42957e-07 0)
(-1.65216e-09 -8.39625e-07 0)
(-1.64984e-09 -8.36219e-07 0)
(-1.6465e-09 -8.32459e-07 0)
(-1.64212e-09 -8.28342e-07 0)
(-1.63668e-09 -8.24152e-07 0)
(-1.63031e-09 -8.19985e-07 0)
(-1.6231e-09 -8.1586e-07 0)
(-1.61511e-09 -8.11758e-07 0)
(-1.60638e-09 -8.07673e-07 0)
(-1.59695e-09 -8.03607e-07 0)
(-1.58685e-09 -7.99567e-07 0)
(-1.57614e-09 -7.95555e-07 0)
(-1.56484e-09 -7.9157e-07 0)
(-1.55299e-09 -7.87615e-07 0)
(-1.54062e-09 -7.8369e-07 0)
(-1.52777e-09 -7.79797e-07 0)
(-1.51446e-09 -7.75938e-07 0)
(-1.50073e-09 -7.72113e-07 0)
(-1.4866e-09 -7.68323e-07 0)
(-1.4721e-09 -7.6457e-07 0)
(-1.45725e-09 -7.60854e-07 0)
(-1.44208e-09 -7.57176e-07 0)
(-1.4266e-09 -7.53536e-07 0)
(-1.41084e-09 -7.49937e-07 0)
(-1.39482e-09 -7.46378e-07 0)
(-1.37855e-09 -7.4286e-07 0)
(-1.36205e-09 -7.39383e-07 0)
(-1.34534e-09 -7.35949e-07 0)
(-1.32843e-09 -7.32557e-07 0)
(-1.31134e-09 -7.29208e-07 0)
(-1.29408e-09 -7.25903e-07 0)
(-1.27665e-09 -7.22642e-07 0)
(-1.25908e-09 -7.19426e-07 0)
(-1.24138e-09 -7.16254e-07 0)
(-1.22354e-09 -7.13127e-07 0)
(-1.20559e-09 -7.10046e-07 0)
(-1.18753e-09 -7.0701e-07 0)
(-1.16937e-09 -7.0402e-07 0)
(-1.1511e-09 -7.01077e-07 0)
(-1.13275e-09 -6.9818e-07 0)
(-1.11432e-09 -6.9533e-07 0)
(-1.09581e-09 -6.92526e-07 0)
(-1.07722e-09 -6.8977e-07 0)
(-1.05857e-09 -6.8706e-07 0)
(-1.03985e-09 -6.84399e-07 0)
(-1.02106e-09 -6.81784e-07 0)
(-1.00222e-09 -6.79218e-07 0)
(-9.83323e-10 -6.76699e-07 0)
(-9.6437e-10 -6.74229e-07 0)
(-9.45366e-10 -6.71806e-07 0)
(-9.26311e-10 -6.69432e-07 0)
(-9.07207e-10 -6.67106e-07 0)
(-8.88057e-10 -6.64829e-07 0)
(-8.6886e-10 -6.626e-07 0)
(-8.49618e-10 -6.60421e-07 0)
(-8.30331e-10 -6.5829e-07 0)
(-8.11001e-10 -6.56208e-07 0)
(-7.91627e-10 -6.54175e-07 0)
(-7.72211e-10 -6.52191e-07 0)
(-7.52751e-10 -6.50257e-07 0)
(-7.3325e-10 -6.48372e-07 0)
(-7.13706e-10 -6.46536e-07 0)
(-6.9412e-10 -6.44751e-07 0)
(-6.74492e-10 -6.43014e-07 0)
(-6.54823e-10 -6.41328e-07 0)
(-6.35111e-10 -6.39692e-07 0)
(-6.15359e-10 -6.38106e-07 0)
(-5.95565e-10 -6.3657e-07 0)
(-5.7573e-10 -6.35084e-07 0)
(-5.55854e-10 -6.33649e-07 0)
(-5.35938e-10 -6.32264e-07 0)
(-5.15982e-10 -6.30929e-07 0)
(-4.95986e-10 -6.29646e-07 0)
(-4.75951e-10 -6.28413e-07 0)
(-4.55877e-10 -6.27231e-07 0)
(-4.35766e-10 -6.261e-07 0)
(-4.15618e-10 -6.2502e-07 0)
(-3.95433e-10 -6.23991e-07 0)
(-3.75214e-10 -6.23013e-07 0)
(-3.5496e-10 -6.22087e-07 0)
(-3.34674e-10 -6.21212e-07 0)
(-3.14356e-10 -6.20389e-07 0)
(-2.94008e-10 -6.19617e-07 0)
(-2.73631e-10 -6.18897e-07 0)
(-2.53226e-10 -6.18229e-07 0)
(-2.32797e-10 -6.17613e-07 0)
(-2.12343e-10 -6.17047e-07 0)
(-1.91867e-10 -6.16538e-07 0)
(-1.7137e-10 -6.16064e-07 0)
(-1.50859e-10 -6.15698e-07 0)
(-1.30319e-10 -6.15199e-07 0)
(-1.09806e-10 -6.15361e-07 0)
(-8.9147e-11 -6.1351e-07 0)
(-6.89244e-11 -6.18301e-07 0)
(-4.72882e-11 -5.99651e-07 0)
(-3.05443e-11 -6.48797e-07 0)
(-1.28213e-11 -5.66623e-07 0)
)
;
    }
    bottomWall
    {
        type            calculated;
        value           nonuniform List<vector> 
449
(
(-46.5204 -0.879898 0)
(-20.1271 -0.221957 0)
(-14.2545 -0.0269333 0)
(-11.9383 -0.0146398 0)
(-10.5736 -0.0106566 0)
(-9.62755 -0.00804003 0)
(-8.88493 -0.00643988 0)
(-8.28397 -0.00521281 0)
(-7.79075 -0.00431859 0)
(-7.37627 -0.0036734 0)
(-7.02031 -0.00317917 0)
(-6.71008 -0.00278282 0)
(-6.43676 -0.00245981 0)
(-6.19364 -0.0021941 0)
(-5.97554 -0.00197273 0)
(-5.77841 -0.00178579 0)
(-5.59908 -0.00162613 0)
(-5.43504 -0.00148854 0)
(-5.28421 -0.00136901 0)
(-5.14492 -0.0012644 0)
(-5.01575 -0.00117223 0)
(-4.89554 -0.00109054 0)
(-4.78329 -0.00101772 0)
(-4.67816 -0.000952506 0)
(-4.57942 -0.000893823 0)
(-4.48645 -0.000840796 0)
(-4.3987 -0.000792694 0)
(-4.31571 -0.000748903 0)
(-4.23704 -0.000708903 0)
(-4.16234 -0.000672251 0)
(-4.09129 -0.000638571 0)
(-4.02359 -0.000607537 0)
(-3.95899 -0.000578868 0)
(-3.89725 -0.000552322 0)
(-3.83817 -0.000527684 0)
(-3.78156 -0.000504771 0)
(-3.72726 -0.000483418 0)
(-3.6751 -0.000463481 0)
(-3.62495 -0.000444834 0)
(-3.57669 -0.000427363 0)
(-3.53019 -0.000410967 0)
(-3.48536 -0.000395556 0)
(-3.44209 -0.000381051 0)
(-3.40029 -0.000367379 0)
(-3.35988 -0.000354474 0)
(-3.32078 -0.000342279 0)
(-3.28293 -0.00033074 0)
(-3.24626 -0.00031981 0)
(-3.21071 -0.000309444 0)
(-3.17622 -0.000299603 0)
(-3.14274 -0.00029025 0)
(-3.11022 -0.000281353 0)
(-3.07861 -0.000272882 0)
(-3.04787 -0.000264809 0)
(-3.01797 -0.000257107 0)
(-2.98886 -0.000249755 0)
(-2.96051 -0.00024273 0)
(-2.93289 -0.000236012 0)
(-2.90596 -0.000229584 0)
(-2.8797 -0.000223428 0)
(-2.85408 -0.000217528 0)
(-2.82908 -0.00021187 0)
(-2.80466 -0.00020644 0)
(-2.7808 -0.000201227 0)
(-2.75749 -0.000196217 0)
(-2.73471 -0.0001914 0)
(-2.71243 -0.000186767 0)
(-2.69063 -0.000182307 0)
(-2.6693 -0.000178011 0)
(-2.64842 -0.000173872 0)
(-2.62797 -0.000169882 0)
(-2.60794 -0.000166033 0)
(-2.58832 -0.000162318 0)
(-2.56909 -0.000158732 0)
(-2.55024 -0.000155268 0)
(-2.53176 -0.000151919 0)
(-2.51362 -0.000148682 0)
(-2.49583 -0.000145551 0)
(-2.47838 -0.000142522 0)
(-2.46124 -0.000139589 0)
(-2.44441 -0.000136748 0)
(-2.42789 -0.000133997 0)
(-2.41166 -0.00013133 0)
(-2.39571 -0.000128744 0)
(-2.38004 -0.000126236 0)
(-2.36464 -0.000123803 0)
(-2.34949 -0.000121442 0)
(-2.3346 -0.000119149 0)
(-2.31995 -0.000116923 0)
(-2.30555 -0.000114759 0)
(-2.29137 -0.000112657 0)
(-2.27742 -0.000110614 0)
(-2.26369 -0.000108626 0)
(-2.25017 -0.000106694 0)
(-2.23687 -0.000104813 0)
(-2.22376 -0.000102983 0)
(-2.21085 -0.000101201 0)
(-2.19814 -9.94657e-05 0)
(-2.18561 -9.77756e-05 0)
(-2.17326 -9.61291e-05 0)
(-2.1611 -9.45245e-05 0)
(-2.1491 -9.29604e-05 0)
(-2.13728 -9.14354e-05 0)
(-2.12562 -8.99482e-05 0)
(-2.11413 -8.84974e-05 0)
(-2.10279 -8.7082e-05 0)
(-2.09161 -8.57006e-05 0)
(-2.08058 -8.43522e-05 0)
(-2.06969 -8.30358e-05 0)
(-2.05895 -8.17502e-05 0)
(-2.04835 -8.04945e-05 0)
(-2.03789 -7.92678e-05 0)
(-2.02756 -7.80691e-05 0)
(-2.01737 -7.68976e-05 0)
(-2.0073 -7.57524e-05 0)
(-1.99736 -7.46328e-05 0)
(-1.98754 -7.35379e-05 0)
(-1.97784 -7.2467e-05 0)
(-1.96826 -7.14194e-05 0)
(-1.9588 -7.03944e-05 0)
(-1.94945 -6.93914e-05 0)
(-1.94021 -6.84096e-05 0)
(-1.93108 -6.74486e-05 0)
(-1.92206 -6.65076e-05 0)
(-1.91314 -6.55862e-05 0)
(-1.90432 -6.46837e-05 0)
(-1.89561 -6.37997e-05 0)
(-1.88699 -6.29336e-05 0)
(-1.87847 -6.20849e-05 0)
(-1.87004 -6.12532e-05 0)
(-1.86171 -6.0438e-05 0)
(-1.85347 -5.96389e-05 0)
(-1.84531 -5.88553e-05 0)
(-1.83725 -5.8087e-05 0)
(-1.82927 -5.73335e-05 0)
(-1.82138 -5.65944e-05 0)
(-1.81357 -5.58694e-05 0)
(-1.80584 -5.51581e-05 0)
(-1.79819 -5.44601e-05 0)
(-1.79062 -5.37751e-05 0)
(-1.78312 -5.31027e-05 0)
(-1.77571 -5.24427e-05 0)
(-1.76836 -5.17948e-05 0)
(-1.7611 -5.11586e-05 0)
(-1.7539 -5.05338e-05 0)
(-1.74677 -4.99203e-05 0)
(-1.73972 -4.93176e-05 0)
(-1.73273 -4.87256e-05 0)
(-1.72581 -4.8144e-05 0)
(-1.71895 -4.75725e-05 0)
(-1.71216 -4.70109e-05 0)
(-1.70544 -4.6459e-05 0)
(-1.69878 -4.59166e-05 0)
(-1.69218 -4.53834e-05 0)
(-1.68564 -4.48591e-05 0)
(-1.67916 -4.43438e-05 0)
(-1.67274 -4.3837e-05 0)
(-1.66638 -4.33386e-05 0)
(-1.66007 -4.28485e-05 0)
(-1.65383 -4.23664e-05 0)
(-1.64763 -4.18922e-05 0)
(-1.6415 -4.14256e-05 0)
(-1.63541 -4.09666e-05 0)
(-1.62938 -4.0515e-05 0)
(-1.62341 -4.00706e-05 0)
(-1.61748 -3.96334e-05 0)
(-1.6116 -3.9203e-05 0)
(-1.60578 -3.87794e-05 0)
(-1.6 -3.83633e-05 0)
(-1.59427 -3.79504e-05 0)
(-1.58859 -3.75525e-05 0)
(-1.58295 -3.7159e-05 0)
(-1.57737 -3.66928e-05 0)
(-1.57215 -3.6353e-05 0)
(-1.56724 -3.61106e-05 0)
(-1.56231 -3.57427e-05 0)
(-1.55739 -3.53826e-05 0)
(-1.55246 -3.50447e-05 0)
(-1.54752 -3.47094e-05 0)
(-1.54258 -3.43758e-05 0)
(-1.53763 -3.40448e-05 0)
(-1.53268 -3.3716e-05 0)
(-1.52772 -3.33892e-05 0)
(-1.52276 -3.30644e-05 0)
(-1.51779 -3.27415e-05 0)
(-1.51282 -3.24204e-05 0)
(-1.50784 -3.21013e-05 0)
(-1.50286 -3.17839e-05 0)
(-1.49787 -3.14684e-05 0)
(-1.49288 -3.11548e-05 0)
(-1.48789 -3.0843e-05 0)
(-1.48289 -3.05331e-05 0)
(-1.47789 -3.02251e-05 0)
(-1.47288 -2.99189e-05 0)
(-1.46787 -2.96146e-05 0)
(-1.46286 -2.93123e-05 0)
(-1.45785 -2.90118e-05 0)
(-1.45283 -2.87132e-05 0)
(-1.44782 -2.84166e-05 0)
(-1.4428 -2.81219e-05 0)
(-1.43777 -2.78291e-05 0)
(-1.43275 -2.75383e-05 0)
(-1.42773 -2.72494e-05 0)
(-1.4227 -2.69625e-05 0)
(-1.41767 -2.66775e-05 0)
(-1.41265 -2.63945e-05 0)
(-1.40762 -2.61135e-05 0)
(-1.40259 -2.58345e-05 0)
(-1.39756 -2.55574e-05 0)
(-1.39253 -2.52823e-05 0)
(-1.3875 -2.50092e-05 0)
(-1.38247 -2.47381e-05 0)
(-1.37744 -2.44689e-05 0)
(-1.37242 -2.42018e-05 0)
(-1.36739 -2.39367e-05 0)
(-1.36237 -2.36735e-05 0)
(-1.35734 -2.34124e-05 0)
(-1.35232 -2.31533e-05 0)
(-1.3473 -2.28961e-05 0)
(-1.34228 -2.2641e-05 0)
(-1.33726 -2.23879e-05 0)
(-1.33225 -2.21368e-05 0)
(-1.32724 -2.18877e-05 0)
(-1.32223 -2.16406e-05 0)
(-1.31722 -2.13955e-05 0)
(-1.31222 -2.11524e-05 0)
(-1.30722 -2.09112e-05 0)
(-1.30222 -2.06721e-05 0)
(-1.29723 -2.0435e-05 0)
(-1.29224 -2.01999e-05 0)
(-1.28725 -1.99668e-05 0)
(-1.28227 -1.97356e-05 0)
(-1.27729 -1.95064e-05 0)
(-1.27232 -1.92793e-05 0)
(-1.26735 -1.90541e-05 0)
(-1.26239 -1.88308e-05 0)
(-1.25743 -1.86095e-05 0)
(-1.25248 -1.83902e-05 0)
(-1.24753 -1.81729e-05 0)
(-1.24259 -1.79575e-05 0)
(-1.23765 -1.7744e-05 0)
(-1.23272 -1.75325e-05 0)
(-1.22779 -1.73229e-05 0)
(-1.22287 -1.71153e-05 0)
(-1.21796 -1.69096e-05 0)
(-1.21305 -1.67058e-05 0)
(-1.20815 -1.65039e-05 0)
(-1.20326 -1.63039e-05 0)
(-1.19837 -1.61058e-05 0)
(-1.19349 -1.59096e-05 0)
(-1.18862 -1.57153e-05 0)
(-1.18376 -1.55228e-05 0)
(-1.1789 -1.53322e-05 0)
(-1.17405 -1.51435e-05 0)
(-1.1692 -1.49566e-05 0)
(-1.16437 -1.47716e-05 0)
(-1.15954 -1.45884e-05 0)
(-1.15472 -1.4407e-05 0)
(-1.14991 -1.42274e-05 0)
(-1.14511 -1.40497e-05 0)
(-1.14032 -1.38737e-05 0)
(-1.13553 -1.36995e-05 0)
(-1.13076 -1.35271e-05 0)
(-1.12599 -1.33565e-05 0)
(-1.12123 -1.31876e-05 0)
(-1.11648 -1.30205e-05 0)
(-1.11175 -1.28551e-05 0)
(-1.10702 -1.26915e-05 0)
(-1.10229 -1.25296e-05 0)
(-1.09758 -1.23693e-05 0)
(-1.09288 -1.22108e-05 0)
(-1.08819 -1.2054e-05 0)
(-1.08351 -1.18988e-05 0)
(-1.07884 -1.17453e-05 0)
(-1.07418 -1.15935e-05 0)
(-1.06953 -1.14433e-05 0)
(-1.06489 -1.12947e-05 0)
(-1.06026 -1.11477e-05 0)
(-1.05564 -1.10024e-05 0)
(-1.05103 -1.08587e-05 0)
(-1.04643 -1.07165e-05 0)
(-1.04185 -1.0576e-05 0)
(-1.03727 -1.0437e-05 0)
(-1.03271 -1.02995e-05 0)
(-1.02815 -1.01636e-05 0)
(-1.02361 -1.00293e-05 0)
(-1.01908 -9.89642e-06 0)
(-1.01456 -9.76509e-06 0)
(-1.01006 -9.63525e-06 0)
(-1.00556 -9.50689e-06 0)
(-1.00108 -9.38001e-06 0)
(-0.996604 -9.25459e-06 0)
(-0.992144 -9.13062e-06 0)
(-0.987696 -9.0081e-06 0)
(-0.98326 -8.88699e-06 0)
(-0.978836 -8.76731e-06 0)
(-0.974424 -8.64903e-06 0)
(-0.970024 -8.53214e-06 0)
(-0.965637 -8.41663e-06 0)
(-0.961262 -8.30248e-06 0)
(-0.9569 -8.1897e-06 0)
(-0.95255 -8.07826e-06 0)
(-0.948213 -7.96815e-06 0)
(-0.943888 -7.85936e-06 0)
(-0.939577 -7.75188e-06 0)
(-0.935278 -7.6457e-06 0)
(-0.930991 -7.54081e-06 0)
(-0.926718 -7.43719e-06 0)
(-0.922458 -7.33483e-06 0)
(-0.918211 -7.23372e-06 0)
(-0.913976 -7.13385e-06 0)
(-0.909755 -7.03521e-06 0)
(-0.905548 -6.93779e-06 0)
(-0.901353 -6.84156e-06 0)
(-0.897171 -6.74654e-06 0)
(-0.893003 -6.65269e-06 0)
(-0.888849 -6.56001e-06 0)
(-0.884707 -6.46849e-06 0)
(-0.880579 -6.37812e-06 0)
(-0.876465 -6.28889e-06 0)
(-0.872364 -6.20077e-06 0)
(-0.868276 -6.11378e-06 0)
(-0.864203 -6.02788e-06 0)
(-0.860143 -5.94307e-06 0)
(-0.856096 -5.85934e-06 0)
(-0.852063 -5.77669e-06 0)
(-0.848044 -5.69509e-06 0)
(-0.844039 -5.61453e-06 0)
(-0.840047 -5.53501e-06 0)
(-0.836069 -5.45652e-06 0)
(-0.832105 -5.37904e-06 0)
(-0.828155 -5.30256e-06 0)
(-0.824219 -5.22707e-06 0)
(-0.820297 -5.15257e-06 0)
(-0.816388 -5.07904e-06 0)
(-0.812494 -5.00647e-06 0)
(-0.808613 -4.93485e-06 0)
(-0.804747 -4.86416e-06 0)
(-0.800894 -4.79441e-06 0)
(-0.797056 -4.72558e-06 0)
(-0.793231 -4.65765e-06 0)
(-0.789421 -4.59062e-06 0)
(-0.785624 -4.52448e-06 0)
(-0.781842 -4.45922e-06 0)
(-0.778074 -4.39482e-06 0)
(-0.774319 -4.33128e-06 0)
(-0.770579 -4.26857e-06 0)
(-0.766853 -4.2067e-06 0)
(-0.763141 -4.1456e-06 0)
(-0.759444 -4.08539e-06 0)
(-0.75576 -4.02588e-06 0)
(-0.752091 -3.96578e-06 0)
(-0.748438 -3.91042e-06 0)
(-0.744792 -3.85772e-06 0)
(-0.740755 -3.7897e-06 0)
(-0.736377 -3.71778e-06 0)
(-0.732077 -3.65515e-06 0)
(-0.727847 -3.59478e-06 0)
(-0.723689 -3.534e-06 0)
(-0.719601 -3.47443e-06 0)
(-0.715581 -3.4164e-06 0)
(-0.711628 -3.35993e-06 0)
(-0.707741 -3.30497e-06 0)
(-0.703916 -3.25148e-06 0)
(-0.700153 -3.19941e-06 0)
(-0.69645 -3.14871e-06 0)
(-0.692806 -3.09933e-06 0)
(-0.689218 -3.05124e-06 0)
(-0.685685 -3.00438e-06 0)
(-0.682207 -2.95871e-06 0)
(-0.678781 -2.91418e-06 0)
(-0.675407 -2.87077e-06 0)
(-0.672082 -2.82842e-06 0)
(-0.668806 -2.7871e-06 0)
(-0.665578 -2.74679e-06 0)
(-0.662397 -2.70744e-06 0)
(-0.65926 -2.66902e-06 0)
(-0.656169 -2.6315e-06 0)
(-0.65312 -2.59486e-06 0)
(-0.650113 -2.55906e-06 0)
(-0.647148 -2.52408e-06 0)
(-0.644223 -2.48989e-06 0)
(-0.641338 -2.45647e-06 0)
(-0.638491 -2.42379e-06 0)
(-0.635682 -2.39184e-06 0)
(-0.63291 -2.36058e-06 0)
(-0.630174 -2.33e-06 0)
(-0.627473 -2.30007e-06 0)
(-0.624806 -2.27079e-06 0)
(-0.622174 -2.24212e-06 0)
(-0.619574 -2.21406e-06 0)
(-0.617007 -2.18658e-06 0)
(-0.614472 -2.15966e-06 0)
(-0.611968 -2.1333e-06 0)
(-0.609494 -2.10747e-06 0)
(-0.60705 -2.08216e-06 0)
(-0.604635 -2.05736e-06 0)
(-0.602249 -2.03305e-06 0)
(-0.599891 -2.00922e-06 0)
(-0.597561 -1.98586e-06 0)
(-0.595257 -1.96295e-06 0)
(-0.59298 -1.94048e-06 0)
(-0.590729 -1.91844e-06 0)
(-0.588503 -1.89682e-06 0)
(-0.586303 -1.87561e-06 0)
(-0.584127 -1.8548e-06 0)
(-0.581975 -1.83438e-06 0)
(-0.579846 -1.81433e-06 0)
(-0.577741 -1.79465e-06 0)
(-0.575659 -1.77534e-06 0)
(-0.573598 -1.75637e-06 0)
(-0.57156 -1.73775e-06 0)
(-0.569543 -1.71947e-06 0)
(-0.567548 -1.70151e-06 0)
(-0.565573 -1.68388e-06 0)
(-0.563619 -1.66656e-06 0)
(-0.561684 -1.64954e-06 0)
(-0.55977 -1.63283e-06 0)
(-0.557874 -1.61641e-06 0)
(-0.555998 -1.60028e-06 0)
(-0.55414 -1.58444e-06 0)
(-0.552301 -1.56887e-06 0)
(-0.550479 -1.55358e-06 0)
(-0.548676 -1.53856e-06 0)
(-0.546889 -1.52381e-06 0)
(-0.54512 -1.50933e-06 0)
(-0.543367 -1.4951e-06 0)
(-0.541631 -1.48115e-06 0)
(-0.539911 -1.46745e-06 0)
(-0.538207 -1.45403e-06 0)
(-0.536519 -1.44087e-06 0)
(-0.534845 -1.428e-06 0)
(-0.533187 -1.41541e-06 0)
(-0.531543 -1.40312e-06 0)
(-0.529913 -1.39117e-06 0)
(-0.528297 -1.37957e-06 0)
(-0.526694 -1.36839e-06 0)
(-0.525105 -1.35768e-06 0)
(-0.523527 -1.34752e-06 0)
(-0.521961 -1.3384e-06 0)
(-0.520405 -1.32947e-06 0)
(-0.51886 -1.3217e-06 0)
(-0.517322 -1.32473e-06 0)
(-0.515772 -1.30769e-06 0)
(-0.514278 -1.2591e-06 0)
(-0.512822 -1.68575e-06 0)
(-0.510319 -6.45854e-07 0)
(-0.511734 -5.94992e-07 0)
(-0.507437 -2.90058e-06 0)
)
;
    }
    symmetry
    {
        type            symmetryPlane;
    }
    frontAndBack
    {
        type            empty;
    }
}


// ************************************************************************* //
