# ccx tau_xx tau_yy tau_zz
0.000485708 -52.6791 -0.95525 0
0.00145827 -34.7126 -0.00279741 0
0.00243313 -34.3298 -0.000252952 0
0.00341029 -32.9725 -0.000362106 0
0.00438975 -31.8507 -0.0003144 0
0.00537153 -30.8161 -0.000283805 0
0.00635563 -29.9001 -0.000248953 0
0.00734204 -29.1014 -0.000217065 0
0.00833079 -28.4018 -0.000190541 0
0.00932187 -27.7833 -0.000168805 0
0.0103153 -27.2314 -0.000150816 0
0.011311 -26.7353 -0.000135741 0
0.0123092 -26.286 -0.000123109 0
0.0133096 -25.8759 -0.000112447 0
0.0143125 -25.4993 -0.000103249 0
0.0153177 -25.1519 -9.52564e-05 0
0.0163252 -24.8298 -8.82759e-05 0
0.0173352 -24.53 -8.21495e-05 0
0.0183475 -24.2498 -7.67515e-05 0
0.0193622 -23.9869 -7.19382e-05 0
0.0203793 -23.7395 -6.76202e-05 0
0.0213988 -23.5061 -6.37364e-05 0
0.0224208 -23.2853 -6.02322e-05 0
0.0234451 -23.0759 -5.70525e-05 0
0.0244718 -22.8768 -5.4158e-05 0
0.025501 -22.6872 -5.15022e-05 0
0.0265326 -22.5064 -4.90681e-05 0
0.0275667 -22.3335 -4.68297e-05 0
0.0286031 -22.168 -4.47652e-05 0
0.0296421 -22.0092 -4.28502e-05 0
0.0306834 -21.8569 -4.10747e-05 0
0.0317273 -21.7104 -3.94228e-05 0
0.0327736 -21.5693 -3.78856e-05 0
0.0338223 -21.4334 -3.64447e-05 0
0.0348736 -21.3023 -3.50995e-05 0
0.0359273 -21.1756 -3.38351e-05 0
0.0369835 -21.0531 -3.26528e-05 0
0.0380422 -20.9346 -3.1542e-05 0
0.0391034 -20.8198 -3.04948e-05 0
0.0401671 -20.7085 -2.95077e-05 0
0.0412333 -20.6005 -2.85765e-05 0
0.0423021 -20.4957 -2.76987e-05 0
0.0433733 -20.3937 -2.68648e-05 0
0.0444471 -20.2946 -2.60704e-05 0
0.0455234 -20.1982 -2.53156e-05 0
0.0466023 -20.1043 -2.45899e-05 0
0.0476837 -20.0129 -2.38993e-05 0
0.0487676 -19.9237 -2.32418e-05 0
0.0498542 -19.8369 -2.26046e-05 0
0.0509432 -19.7522 -2.20051e-05 0
0.0520349 -19.6695 -2.14246e-05 0
0.0531291 -19.5888 -2.08738e-05 0
0.0542259 -19.5099 -2.03476e-05 0
0.0553253 -19.4329 -1.98414e-05 0
0.0564273 -19.3576 -1.93595e-05 0
0.0575319 -19.2839 -1.88963e-05 0
0.0586391 -19.2118 -1.84543e-05 0
0.0597489 -19.1412 -1.80295e-05 0
0.0608614 -19.072 -1.76225e-05 0
0.0619764 -19.0043 -1.72309e-05 0
0.0630941 -18.9378 -1.68547e-05 0
0.0642144 -18.8727 -1.64927e-05 0
0.0653374 -18.8088 -1.61439e-05 0
0.066463 -18.7461 -1.58082e-05 0
0.0675913 -18.6845 -1.54847e-05 0
0.0687222 -18.6241 -1.51718e-05 0
0.0698559 -18.5647 -1.48711e-05 0
0.0709921 -18.5063 -1.45781e-05 0
0.0721311 -18.449 -1.42975e-05 0
0.0732728 -18.3926 -1.40234e-05 0
0.0744171 -18.3372 -1.37599e-05 0
0.0755642 -18.2826 -1.35034e-05 0
0.0767139 -18.229 -1.32552e-05 0
0.0778664 -18.1762 -1.3015e-05 0
0.0790216 -18.1243 -1.27803e-05 0
0.0801795 -18.0731 -1.25546e-05 0
0.0813402 -18.0228 -1.2334e-05 0
0.0825035 -17.9732 -1.21201e-05 0
0.0836697 -17.9243 -1.19129e-05 0
0.0848386 -17.8761 -1.17101e-05 0
0.0860102 -17.8287 -1.15143e-05 0
0.0871846 -17.7819 -1.13233e-05 0
0.0883618 -17.7358 -1.11367e-05 0
0.0895418 -17.6904 -1.09564e-05 0
0.0907245 -17.6456 -1.07796e-05 0
0.0919101 -17.6014 -1.06077e-05 0
0.0930984 -17.5578 -1.04413e-05 0
0.0942895 -17.5147 -1.02775e-05 0
0.0954835 -17.4723 -1.01187e-05 0
0.0966803 -17.4304 -9.96437e-06 0
0.0978799 -17.389 -9.81261e-06 0
0.0990823 -17.3482 -9.66532e-06 0
0.100288 -17.3079 -9.52215e-06 0
0.101496 -17.268 -9.38129e-06 0
0.102707 -17.2287 -9.24438e-06 0
0.10392 -17.1899 -9.11131e-06 0
0.105137 -17.1515 -8.98024e-06 0
0.106357 -17.1136 -8.85262e-06 0
0.107579 -17.0761 -8.7287e-06 0
0.108804 -17.0391 -8.60649e-06 0
0.110033 -17.0025 -8.4873e-06 0
0.111264 -16.9663 -8.3716e-06 0
0.112498 -16.9305 -8.25761e-06 0
0.113735 -16.8952 -8.14604e-06 0
0.114975 -16.8602 -8.03762e-06 0
0.116217 -16.8256 -7.93128e-06 0
0.117463 -16.7914 -7.82667e-06 0
0.118712 -16.7575 -7.72475e-06 0
0.119963 -16.724 -7.62535e-06 0
0.121218 -16.6909 -7.52719e-06 0
0.122475 -16.6581 -7.43128e-06 0
0.123736 -16.6256 -7.33796e-06 0
0.124999 -16.5935 -7.24591e-06 0
0.126266 -16.5617 -7.1556e-06 0
0.127535 -16.5302 -7.06747e-06 0
0.128807 -16.4991 -6.98134e-06 0
0.130083 -16.4682 -6.89614e-06 0
0.131361 -16.4377 -6.81291e-06 0
0.132643 -16.4074 -6.7316e-06 0
0.133927 -16.3775 -6.65167e-06 0
0.135215 -16.3478 -6.57288e-06 0
0.136505 -16.3184 -6.49592e-06 0
0.137799 -16.2892 -6.42065e-06 0
0.139096 -16.2604 -6.34635e-06 0
0.140395 -16.2318 -6.27332e-06 0
0.141698 -16.2035 -6.20196e-06 0
0.143004 -16.1754 -6.13198e-06 0
0.144313 -16.1476 -6.06286e-06 0
0.145625 -16.12 -5.99501e-06 0
0.14694 -16.0927 -5.92865e-06 0
0.148258 -16.0656 -5.86345e-06 0
0.149579 -16.0387 -5.79909e-06 0
0.150904 -16.0121 -5.73589e-06 0
0.152231 -15.9857 -5.67403e-06 0
0.153562 -15.9595 -5.61317e-06 0
0.154896 -15.9335 -5.55311e-06 0
0.156233 -15.9078 -5.49411e-06 0
0.157573 -15.8822 -5.43628e-06 0
0.158916 -15.8569 -5.37941e-06 0
0.160263 -15.8318 -5.32324e-06 0
0.161613 -15.8069 -5.26806e-06 0
0.162965 -15.7822 -5.21389e-06 0
0.164321 -15.7576 -5.16066e-06 0
0.165681 -15.7333 -5.10805e-06 0
0.167043 -15.7092 -5.05635e-06 0
0.168409 -15.6852 -5.0055e-06 0
0.169778 -15.6614 -4.95559e-06 0
0.17115 -15.6379 -4.90626e-06 0
0.172525 -15.6145 -4.85769e-06 0
0.173904 -15.5912 -4.80992e-06 0
0.175286 -15.5682 -4.76298e-06 0
0.176671 -15.5453 -4.71671e-06 0
0.178059 -15.5226 -4.67099e-06 0
0.179451 -15.5 -4.62606e-06 0
0.180846 -15.4776 -4.58182e-06 0
0.182244 -15.4554 -4.5383e-06 0
0.183646 -15.4333 -4.4953e-06 0
0.18505 -15.4114 -4.45291e-06 0
0.186459 -15.3897 -4.41123e-06 0
0.18787 -15.3681 -4.37015e-06 0
0.189285 -15.3466 -4.32969e-06 0
0.190703 -15.3253 -4.28966e-06 0
0.192124 -15.3041 -4.25031e-06 0
0.193549 -15.2831 -4.21151e-06 0
0.194978 -15.2622 -4.17331e-06 0
0.196409 -15.2415 -4.13557e-06 0
0.197844 -15.2209 -4.09836e-06 0
0.199282 -15.2005 -4.06163e-06 0
0.200724 -15.1801 -4.02562e-06 0
0.202169 -15.16 -3.98978e-06 0
0.203618 -15.1399 -3.95476e-06 0
0.20507 -15.12 -3.91989e-06 0
0.206525 -15.1002 -3.88323e-06 0
0.207903 -15.0816 -3.85303e-06 0
0.209207 -15.0641 -3.82632e-06 0
0.210526 -15.0466 -3.79541e-06 0
0.211859 -15.0291 -3.76514e-06 0
0.213207 -15.0114 -3.73548e-06 0
0.214569 -14.9938 -3.70574e-06 0
0.215947 -14.976 -3.67635e-06 0
0.217339 -14.9583 -3.64698e-06 0
0.218746 -14.9405 -3.61781e-06 0
0.220168 -14.9226 -3.58871e-06 0
0.221606 -14.9047 -3.55979e-06 0
0.22306 -14.8867 -3.53096e-06 0
0.224529 -14.8687 -3.50226e-06 0
0.226015 -14.8506 -3.47365e-06 0
0.227516 -14.8325 -3.44516e-06 0
0.229034 -14.8144 -3.41681e-06 0
0.230569 -14.7962 -3.38859e-06 0
0.23212 -14.7779 -3.36046e-06 0
0.233687 -14.7596 -3.33247e-06 0
0.235272 -14.7413 -3.30457e-06 0
0.236875 -14.7229 -3.27684e-06 0
0.238494 -14.7045 -3.24921e-06 0
0.240131 -14.686 -3.22171e-06 0
0.241786 -14.6675 -3.19433e-06 0
0.243459 -14.649 -3.16706e-06 0
0.24515 -14.6304 -3.13995e-06 0
0.24686 -14.6118 -3.11297e-06 0
0.248588 -14.5931 -3.08611e-06 0
0.250335 -14.5744 -3.05937e-06 0
0.252101 -14.5556 -3.03275e-06 0
0.253886 -14.5369 -3.00631e-06 0
0.25569 -14.518 -2.97996e-06 0
0.257514 -14.4992 -2.95378e-06 0
0.259358 -14.4803 -2.92769e-06 0
0.261222 -14.4613 -2.90177e-06 0
0.263106 -14.4424 -2.87598e-06 0
0.265011 -14.4233 -2.85033e-06 0
0.266937 -14.4043 -2.82482e-06 0
0.268883 -14.3852 -2.79941e-06 0
0.27085 -14.3661 -2.7742e-06 0
0.272839 -14.347 -2.74908e-06 0
0.27485 -14.3278 -2.72415e-06 0
0.276882 -14.3086 -2.6993e-06 0
0.278936 -14.2893 -2.67464e-06 0
0.281013 -14.2701 -2.65009e-06 0
0.283113 -14.2508 -2.62571e-06 0
0.285235 -14.2314 -2.60145e-06 0
0.28738 -14.2121 -2.57734e-06 0
0.289548 -14.1927 -2.55337e-06 0
0.291741 -14.1733 -2.52956e-06 0
0.293956 -14.1538 -2.50587e-06 0
0.296196 -14.1344 -2.48235e-06 0
0.298461 -14.1149 -2.45894e-06 0
0.30075 -14.0953 -2.43572e-06 0
0.303064 -14.0758 -2.41261e-06 0
0.305403 -14.0562 -2.38968e-06 0
0.307767 -14.0366 -2.36686e-06 0
0.310157 -14.017 -2.34422e-06 0
0.312573 -13.9973 -2.32169e-06 0
0.315016 -13.9777 -2.29935e-06 0
0.317485 -13.958 -2.27711e-06 0
0.31998 -13.9383 -2.25506e-06 0
0.322503 -13.9185 -2.23312e-06 0
0.325053 -13.8988 -2.21137e-06 0
0.327632 -13.879 -2.18972e-06 0
0.330238 -13.8592 -2.16826e-06 0
0.332872 -13.8394 -2.14691e-06 0
0.335535 -13.8196 -2.12575e-06 0
0.338227 -13.7997 -2.1047e-06 0
0.340948 -13.7799 -2.08383e-06 0
0.343699 -13.76 -2.06307e-06 0
0.346479 -13.7401 -2.0425e-06 0
0.34929 -13.7202 -2.02204e-06 0
0.352132 -13.7003 -2.00176e-06 0
0.355004 -13.6803 -1.98159e-06 0
0.357908 -13.6604 -1.96162e-06 0
0.360843 -13.6404 -1.94175e-06 0
0.36381 -13.6204 -1.92206e-06 0
0.366809 -13.6004 -1.90249e-06 0
0.369841 -13.5804 -1.88309e-06 0
0.372906 -13.5604 -1.86382e-06 0
0.376004 -13.5404 -1.8447e-06 0
0.379136 -13.5204 -1.82573e-06 0
0.382302 -13.5003 -1.80691e-06 0
0.385502 -13.4803 -1.78823e-06 0
0.388737 -13.4602 -1.76969e-06 0
0.392007 -13.4402 -1.7513e-06 0
0.395313 -13.4201 -1.73306e-06 0
0.398654 -13.4 -1.71497e-06 0
0.402032 -13.3799 -1.697e-06 0
0.405447 -13.3598 -1.6792e-06 0
0.408899 -13.3398 -1.66153e-06 0
0.412388 -13.3197 -1.64401e-06 0
0.415916 -13.2996 -1.62661e-06 0
0.419481 -13.2794 -1.60939e-06 0
0.423086 -13.2593 -1.59228e-06 0
0.426729 -13.2392 -1.57534e-06 0
0.430412 -13.2191 -1.5585e-06 0
0.434136 -13.199 -1.54184e-06 0
0.437899 -13.1789 -1.52529e-06 0
0.441704 -13.1588 -1.50892e-06 0
0.44555 -13.1387 -1.49264e-06 0
0.449437 -13.1185 -1.47654e-06 0
0.453367 -13.0984 -1.46054e-06 0
0.45734 -13.0783 -1.44472e-06 0
0.461356 -13.0582 -1.42898e-06 0
0.465415 -13.0381 -1.41344e-06 0
0.469519 -13.018 -1.39799e-06 0
0.473667 -12.9979 -1.38271e-06 0
0.477861 -12.9778 -1.36751e-06 0
0.4821 -12.9577 -1.35251e-06 0
0.486385 -12.9376 -1.33759e-06 0
0.490716 -12.9176 -1.32284e-06 0
0.495095 -12.8975 -1.30818e-06 0
0.499521 -12.8774 -1.29371e-06 0
0.503995 -12.8574 -1.27932e-06 0
0.508518 -12.8373 -1.26509e-06 0
0.51309 -12.8173 -1.25096e-06 0
0.517712 -12.7972 -1.23701e-06 0
0.522384 -12.7772 -1.22313e-06 0
0.527107 -12.7572 -1.20942e-06 0
0.531881 -12.7372 -1.1958e-06 0
0.536707 -12.7172 -1.18235e-06 0
0.541586 -12.6972 -1.16898e-06 0
0.546518 -12.6772 -1.15577e-06 0
0.551503 -12.6573 -1.14266e-06 0
0.556542 -12.6373 -1.1297e-06 0
0.561636 -12.6174 -1.11683e-06 0
0.566786 -12.5974 -1.10411e-06 0
0.571991 -12.5775 -1.0915e-06 0
0.577253 -12.5576 -1.07901e-06 0
0.582572 -12.5377 -1.06663e-06 0
0.587949 -12.5179 -1.05439e-06 0
0.593385 -12.498 -1.04226e-06 0
0.59888 -12.4782 -1.03024e-06 0
0.604434 -12.4583 -1.01834e-06 0
0.610048 -12.4385 -1.00656e-06 0
0.615724 -12.4187 -9.94892e-07 0
0.621462 -12.399 -9.83335e-07 0
0.627261 -12.3792 -9.71904e-07 0
0.633124 -12.3595 -9.60575e-07 0
0.639051 -12.3398 -9.49358e-07 0
0.645042 -12.3201 -9.38254e-07 0
0.651098 -12.3004 -9.27273e-07 0
0.657219 -12.2807 -9.16384e-07 0
0.663408 -12.2611 -9.05614e-07 0
0.669664 -12.2414 -8.94949e-07 0
0.675987 -12.2218 -8.84404e-07 0
0.68238 -12.2023 -8.73941e-07 0
0.688842 -12.1827 -8.63608e-07 0
0.695374 -12.1632 -8.53366e-07 0
0.701977 -12.1436 -8.43244e-07 0
0.708652 -12.1241 -8.332e-07 0
0.715399 -12.1047 -8.23291e-07 0
0.72222 -12.0852 -8.13455e-07 0
0.729115 -12.0658 -8.03742e-07 0
0.736085 -12.0464 -7.94109e-07 0
0.74313 -12.027 -7.84607e-07 0
0.750252 -12.0077 -7.75166e-07 0
0.757452 -11.9883 -7.65861e-07 0
0.76473 -11.969 -7.56623e-07 0
0.772087 -11.9498 -7.47511e-07 0
0.779524 -11.9305 -7.38457e-07 0
0.787042 -11.9113 -7.29542e-07 0
0.794641 -11.8921 -7.20688e-07 0
0.802323 -11.8729 -7.11955e-07 0
0.810089 -11.8538 -7.03287e-07 0
0.817939 -11.8346 -6.94744e-07 0
0.825874 -11.8155 -6.86258e-07 0
0.833896 -11.7965 -6.7789e-07 0
0.842004 -11.7774 -6.69591e-07 0
0.850201 -11.7584 -6.61402e-07 0
0.858487 -11.7395 -6.53278e-07 0
0.866863 -11.7205 -6.45266e-07 0
0.87533 -11.7016 -6.37313e-07 0
0.883889 -11.6827 -6.29482e-07 0
0.892542 -11.6638 -6.21663e-07 0
0.901288 -11.645 -6.14037e-07 0
0.910129 -11.6262 -6.06294e-07 0
0.919066 -11.6075 -5.98876e-07 0
0.928101 -11.5887 -5.91688e-07 0
0.93826 -11.5679 -5.83025e-07 0
0.949496 -11.5453 -5.73792e-07 0
0.960731 -11.523 -5.65494e-07 0
0.971966 -11.501 -5.57374e-07 0
0.983202 -11.4794 -5.49324e-07 0
0.994437 -11.458 -5.4148e-07 0
1.00567 -11.437 -5.33811e-07 0
1.01691 -11.4162 -5.26314e-07 0
1.02814 -11.3958 -5.19014e-07 0
1.03938 -11.3756 -5.11856e-07 0
1.05061 -11.3557 -5.04897e-07 0
1.06185 -11.3361 -4.98075e-07 0
1.07308 -11.3167 -4.91435e-07 0
1.08432 -11.2976 -4.84924e-07 0
1.09555 -11.2787 -4.78587e-07 0
1.10679 -11.2601 -4.72366e-07 0
1.11803 -11.2418 -4.66313e-07 0
1.12926 -11.2236 -4.60369e-07 0
1.1405 -11.2057 -4.54575e-07 0
1.15173 -11.188 -4.48892e-07 0
1.16297 -11.1706 -4.43345e-07 0
1.1742 -11.1533 -4.37902e-07 0
1.18544 -11.1363 -4.32589e-07 0
1.19667 -11.1194 -4.27378e-07 0
1.20791 -11.1028 -4.22279e-07 0
1.21914 -11.0864 -4.17282e-07 0
1.23038 -11.0702 -4.12395e-07 0
1.24161 -11.0541 -4.076e-07 0
1.25285 -11.0383 -4.0291e-07 0
1.26409 -11.0226 -3.98304e-07 0
1.27532 -11.0071 -3.93801e-07 0
1.28656 -10.9917 -3.89378e-07 0
1.29779 -10.9766 -3.85051e-07 0
1.30903 -10.9616 -3.80798e-07 0
1.32026 -10.9468 -3.76639e-07 0
1.3315 -10.9321 -3.72547e-07 0
1.34273 -10.9176 -3.68547e-07 0
1.35397 -10.9033 -3.64608e-07 0
1.3652 -10.8891 -3.60757e-07 0
1.37644 -10.875 -3.56966e-07 0
1.38767 -10.8611 -3.53258e-07 0
1.39891 -10.8474 -3.49604e-07 0
1.41014 -10.8338 -3.46032e-07 0
1.42138 -10.8203 -3.42511e-07 0
1.43262 -10.807 -3.39069e-07 0
1.44385 -10.7937 -3.35672e-07 0
1.45509 -10.7807 -3.32351e-07 0
1.46632 -10.7677 -3.29079e-07 0
1.47756 -10.7549 -3.25873e-07 0
1.48879 -10.7422 -3.22713e-07 0
1.50003 -10.7297 -3.19618e-07 0
1.51126 -10.7172 -3.16576e-07 0
1.5225 -10.7049 -3.13579e-07 0
1.53373 -10.6926 -3.10638e-07 0
1.54497 -10.6806 -3.07748e-07 0
1.5562 -10.6685 -3.04913e-07 0
1.56744 -10.6567 -3.02115e-07 0
1.57867 -10.6449 -2.99369e-07 0
1.58991 -10.6333 -2.96671e-07 0
1.60115 -10.6217 -2.94019e-07 0
1.61238 -10.6102 -2.91409e-07 0
1.62362 -10.5989 -2.8884e-07 0
1.63485 -10.5876 -2.86327e-07 0
1.64609 -10.5764 -2.83831e-07 0
1.65732 -10.5654 -2.81424e-07 0
1.66856 -10.5544 -2.78987e-07 0
1.67979 -10.5436 -2.76685e-07 0
1.69103 -10.5328 -2.74292e-07 0
1.70226 -10.5221 -2.72129e-07 0
1.7135 -10.5115 -2.69747e-07 0
1.72473 -10.501 -2.67742e-07 0
1.73597 -10.4905 -2.65354e-07 0
1.7472 -10.4802 -2.63533e-07 0
1.75844 -10.4699 -2.61096e-07 0
1.76968 -10.4598 -2.59507e-07 0
1.78091 -10.4496 -2.56978e-07 0
1.79215 -10.4397 -2.55661e-07 0
1.80338 -10.4295 -2.53022e-07 0
1.81462 -10.4199 -2.52005e-07 0
1.82585 -10.4098 -2.49247e-07 0
1.83709 -10.4003 -2.48518e-07 0
1.84832 -10.3904 -2.45733e-07 0
1.85956 -10.3811 -2.45135e-07 0
1.87079 -10.3712 -2.42693e-07 0
1.88203 -10.3621 -2.41632e-07 0
1.89326 -10.3523 -2.40671e-07 0
1.9045 -10.3433 -2.37224e-07 0
1.91573 -10.3337 -2.41294e-07 0
1.92697 -10.3244 -2.29181e-07 0
1.93821 -10.3158 -2.49586e-07 0
1.94944 -10.3048 -2.11474e-07 0
1.96068 -10.2994 -2.68086e-07 0
1.97191 -10.2836 -1.75081e-07 0
1.98315 -10.2859 -2.4425e-07 0
1.99438 -10.264 -2.87593e-07 0
