# ccx y+
0.000485708 0.523378
0.00145827 0.546992
0.00243313 0.959938
0.00341029 1.94138
0.00438975 4.25899
0.00537153 4.74519
0.00635563 4.72967
0.00734204 4.76109
0.00833079 4.82048
0.00932187 4.86985
0.0103153 4.911
0.011311 4.93266
0.0123092 4.94976
0.0133096 4.95564
0.0143125 4.95868
0.0153177 4.95754
0.0163252 4.95561
0.0173352 4.95148
0.0183475 4.94527
0.0193622 4.93809
0.0203793 4.93054
0.0213988 4.92229
0.0224208 4.91324
0.0234451 4.9039
0.0244718 4.89417
0.025501 4.8847
0.0265326 4.87462
0.0275667 4.86468
0.0286031 4.85472
0.0296421 4.84486
0.0306834 4.83488
0.0317273 4.825
0.0327736 4.81521
0.0338223 4.80555
0.0348736 4.79606
0.0359273 4.78665
0.0369835 4.77748
0.0380422 4.76843
0.0391034 4.75947
0.0401671 4.75067
0.0412333 4.74187
0.0423021 4.73314
0.0433733 4.72439
0.0444471 4.71566
0.0455234 4.70702
0.0466023 4.69833
0.0476837 4.68968
0.0487676 4.681
0.0498542 4.67242
0.0509432 4.66388
0.0520349 4.65544
0.0531291 4.6471
0.0542259 4.63887
0.0553253 4.63081
0.0564273 4.62281
0.0575319 4.61495
0.0586391 4.60717
0.0597489 4.59949
0.0608614 4.59192
0.0619764 4.5844
0.0630941 4.57699
0.0642144 4.5697
0.0653374 4.56257
0.066463 4.55557
0.0675913 4.54876
0.0687222 4.54214
0.0698559 4.53566
0.0709921 4.52931
0.0721311 4.52301
0.0732728 4.51677
0.0744171 4.51052
0.0755642 4.50427
0.0767139 4.49805
0.0778664 4.49187
0.0790216 4.48577
0.0801795 4.47974
0.0813402 4.47383
0.0825035 4.46797
0.0836697 4.46214
0.0848386 4.45632
0.0860102 4.45048
0.0871846 4.44461
0.0883618 4.43874
0.0895418 4.43292
0.0907245 4.42718
0.0919101 4.42157
0.0930984 4.41609
0.0942895 4.4107
0.0954835 4.40539
0.0966803 4.40011
0.0978799 4.39483
0.0990823 4.38957
0.100288 4.38434
0.101496 4.37918
0.102707 4.37414
0.10392 4.36924
0.105137 4.36444
0.106357 4.35972
0.107579 4.35502
0.108804 4.35026
0.110033 4.34543
0.111264 4.34055
0.112498 4.33567
0.113735 4.33089
0.114975 4.3263
0.116217 4.32186
0.117463 4.31748
0.118712 4.31302
0.119963 4.30844
0.121218 4.30375
0.122475 4.29906
0.123736 4.2945
0.124999 4.29014
0.126266 4.28596
0.127535 4.28188
0.128807 4.27775
0.130083 4.27348
0.131361 4.26907
0.132643 4.26463
0.133927 4.26033
0.135215 4.25628
0.136505 4.25249
0.137799 4.24881
0.139096 4.24501
0.140395 4.24094
0.141698 4.23668
0.143004 4.23244
0.144313 4.22845
0.145625 4.22477
0.14694 4.22125
0.148258 4.21761
0.149579 4.21367
0.150904 4.20953
0.152231 4.20544
0.153562 4.20168
0.154896 4.19829
0.156233 4.19501
0.157573 4.19148
0.158916 4.18758
0.160263 4.18352
0.161613 4.17966
0.162965 4.17622
0.164321 4.17306
0.165681 4.16984
0.167043 4.16629
0.168409 4.16247
0.169778 4.15866
0.17115 4.15518
0.172525 4.15211
0.173904 4.14923
0.175286 4.14612
0.176671 4.14254
0.178059 4.13856
0.179451 4.13458
0.180846 4.13102
0.182244 4.12812
0.183646 4.12576
0.18505 4.12329
0.186459 4.12002
0.18787 4.11602
0.189285 4.11188
0.190703 4.10822
0.192124 4.1053
0.193549 4.10314
0.194978 4.10113
0.196409 4.09805
0.197844 4.09401
0.199282 4.08987
0.200724 4.08635
0.202169 4.08371
0.203618 4.08185
0.20507 4.07941
0.206525 4.07595
0.207903 4.0725
0.209207 4.06965
0.210526 4.0673
0.211859 4.06504
0.213207 4.06239
0.214569 4.05922
0.215947 4.0559
0.217339 4.05289
0.218746 4.05044
0.220168 4.0486
0.221606 4.04694
0.22306 4.04412
0.224529 4.0403
0.226015 4.0364
0.227516 4.03305
0.229034 4.03056
0.230569 4.02881
0.23212 4.02671
0.233687 4.02381
0.235272 4.02057
0.236875 4.01733
0.238494 4.01427
0.240131 4.01154
0.241786 4.0091
0.243459 4.0065
0.24515 4.00336
0.24686 3.99977
0.248588 3.99626
0.250335 3.99331
0.252101 3.99104
0.253886 3.98932
0.25569 3.98674
0.257514 3.98273
0.259358 3.97856
0.261222 3.97509
0.263106 3.97246
0.265011 3.97056
0.266937 3.9685
0.268883 3.96462
0.27085 3.96071
0.272839 3.95801
0.27485 3.95581
0.276882 3.95264
0.278936 3.94869
0.281013 3.94501
0.283113 3.94234
0.285235 3.94031
0.28738 3.93728
0.289548 3.93332
0.291741 3.92955
0.293956 3.92664
0.296196 3.92454
0.298461 3.92229
0.30075 3.918
0.303064 3.91376
0.305403 3.91079
0.307767 3.90825
0.310157 3.90511
0.312573 3.90163
0.315016 3.89859
0.317485 3.89603
0.31998 3.89309
0.322503 3.88929
0.325053 3.88504
0.327632 3.88117
0.330238 3.87808
0.332872 3.87565
0.335535 3.87365
0.338227 3.87145
0.340948 3.86647
0.343699 3.8615
0.346479 3.85793
0.34929 3.85536
0.352132 3.85329
0.355004 3.85133
0.357908 3.84704
0.360843 3.84195
0.36381 3.83833
0.366809 3.83579
0.369841 3.83377
0.372906 3.83103
0.376004 3.82587
0.379136 3.82148
0.382302 3.81842
0.385502 3.81611
0.388737 3.81415
0.392007 3.81103
0.395313 3.80542
0.398654 3.80099
0.402032 3.79797
0.405447 3.79565
0.408899 3.79367
0.412388 3.7902
0.415916 3.78482
0.419481 3.78138
0.423086 3.77849
0.426729 3.7751
0.430412 3.77204
0.434136 3.76914
0.437899 3.76544
0.441704 3.76107
0.44555 3.75706
0.449437 3.754
0.453367 3.75165
0.45734 3.74839
0.461356 3.74382
0.465415 3.7398
0.469519 3.73682
0.473667 3.73445
0.477861 3.73112
0.4821 3.72652
0.486385 3.72226
0.490716 3.71893
0.495095 3.71635
0.499521 3.71404
0.503995 3.70994
0.508518 3.70495
0.51309 3.70097
0.517712 3.69801
0.522384 3.69565
0.527107 3.69293
0.531881 3.68794
0.536707 3.68363
0.541586 3.68061
0.546518 3.6782
0.551503 3.67425
0.556542 3.66988
0.561636 3.66693
0.566786 3.66359
0.571991 3.65988
0.577253 3.65626
0.582572 3.65277
0.587949 3.64942
0.593385 3.64584
0.59888 3.64181
0.604434 3.6379
0.610048 3.63474
0.615724 3.63204
0.621462 3.62853
0.627261 3.62413
0.633124 3.61994
0.639051 3.61662
0.645042 3.61403
0.651098 3.61095
0.657219 3.60636
0.663408 3.60214
0.669664 3.59897
0.675987 3.59641
0.68238 3.59286
0.688842 3.58826
0.695374 3.58427
0.701977 3.58122
0.708652 3.57872
0.715399 3.57522
0.72222 3.57041
0.729115 3.56646
0.736085 3.56359
0.74313 3.56056
0.750252 3.55669
0.757452 3.55275
0.76473 3.54938
0.772087 3.54619
0.779524 3.54231
0.787042 3.53815
0.794641 3.53495
0.802323 3.53196
0.810089 3.52806
0.817939 3.52436
0.825874 3.52067
0.833896 3.517
0.842004 3.51399
0.850201 3.51052
0.858487 3.50626
0.866863 3.50286
0.87533 3.49958
0.883889 3.49581
0.892542 3.49244
0.901288 3.48895
0.910129 3.48505
0.919066 3.48159
0.928101 3.47822
0.93826 3.47414
0.949496 3.46988
0.960731 3.46569
0.971966 3.46131
0.983202 3.45719
0.994437 3.45335
1.00567 3.44924
1.01691 3.44496
1.02814 3.44114
1.03938 3.4376
1.05061 3.43363
1.06185 3.42945
1.07308 3.42585
1.08432 3.42259
1.09555 3.41882
1.10679 3.41473
1.11803 3.4112
1.12926 3.40818
1.1405 3.40476
1.15173 3.40082
1.16297 3.3972
1.1742 3.39424
1.18544 3.39126
1.19667 3.38773
1.20791 3.38402
1.21914 3.38078
1.23038 3.37801
1.24161 3.37514
1.25285 3.37177
1.26409 3.36823
1.27532 3.36508
1.28656 3.36245
1.29779 3.35987
1.30903 3.35678
1.32026 3.35335
1.3315 3.35013
1.34273 3.34745
1.35397 3.3452
1.3652 3.34267
1.37644 3.33928
1.38767 3.33593
1.39891 3.33349
1.41014 3.33102
1.42138 3.32838
1.43262 3.326
1.44385 3.32323
1.45509 3.32017
1.46632 3.31745
1.47756 3.31508
1.48879 3.31274
1.50003 3.31033
1.51126 3.30769
1.5225 3.30505
1.53373 3.3026
1.54497 3.30014
1.5562 3.29757
1.56744 3.29524
1.57867 3.29321
1.58991 3.29098
1.60115 3.28829
1.61238 3.28554
1.62362 3.28323
1.63485 3.2814
1.64609 3.27957
1.65732 3.27704
1.66856 3.27428
1.67979 3.27187
1.69103 3.26998
1.70226 3.26838
1.7135 3.26632
1.72473 3.26359
1.73597 3.26101
1.7472 3.25894
1.75844 3.25729
1.76968 3.25578
1.78091 3.25333
1.79215 3.25068
1.80338 3.24867
1.81462 3.24712
1.82585 3.24535
1.83709 3.2428
1.84832 3.24064
1.85956 3.23901
1.87079 3.23747
1.88203 3.23518
1.89326 3.23281
1.9045 3.23083
1.91573 3.22936
1.92697 3.2278
1.93821 3.22565
1.94944 3.22332
1.96068 3.22136
1.97191 3.21925
1.98315 3.21867
1.99438 3.21553
