# ccx y+
0.000485708 0.300344
0.00145827 0.300171
0.00243313 0.299915
0.00341029 0.299741
0.00438975 0.299483
0.00537153 0.299309
0.00635563 0.299049
0.00734204 0.298874
0.00833079 0.298613
0.00932187 0.298438
0.0103153 0.298175
0.011311 0.297999
0.0123092 0.297735
0.0133096 0.297559
0.0143125 0.297293
0.0153177 0.297116
0.0163252 0.296848
0.0173352 0.296671
0.0183475 0.296402
0.0193622 0.296225
0.0203793 0.295954
0.0213988 0.295776
0.0224208 0.295503
0.0234451 0.295325
0.0244718 0.295051
0.025501 0.294872
0.0265326 0.294597
0.0275667 0.294418
0.0286031 0.294141
0.0296421 0.293961
0.0306834 0.293683
0.0317273 0.293503
0.0327736 0.293223
0.0338223 0.293043
0.0348736 0.292762
0.0359273 0.292582
0.0369835 0.292299
0.0380422 0.292119
0.0391034 0.291834
0.0401671 0.291654
0.0412333 0.291368
0.0423021 0.291188
0.0433733 0.290901
0.0444471 0.29072
0.0455234 0.290432
0.0466023 0.290252
0.0476837 0.289963
0.0487676 0.289783
0.0498542 0.289493
0.0509432 0.289313
0.0520349 0.289022
0.0531291 0.288842
0.0542259 0.28855
0.0553253 0.28837
0.0564273 0.288078
0.0575319 0.287899
0.0586391 0.287606
0.0597489 0.287427
0.0608614 0.287134
0.0619764 0.286956
0.0630941 0.286663
0.0642144 0.286486
0.0653374 0.286192
0.066463 0.286016
0.0675913 0.285723
0.0687222 0.285547
0.0698559 0.285255
0.0709921 0.28508
0.0721311 0.284788
0.0732728 0.284615
0.0744171 0.284324
0.0755642 0.284152
0.0767139 0.283863
0.0778664 0.283692
0.0790216 0.283405
0.0801795 0.283236
0.0813402 0.282951
0.0825035 0.282784
0.0836697 0.282501
0.0848386 0.282337
0.0860102 0.282057
0.0871846 0.281895
0.0883618 0.281619
0.0895418 0.28146
0.0907245 0.281189
0.0919101 0.281033
0.0930984 0.280766
0.0942895 0.280614
0.0954835 0.280353
0.0966803 0.280204
0.0978799 0.27995
0.0990823 0.279805
0.100288 0.279559
0.101496 0.279419
0.102707 0.279181
0.10392 0.279047
0.105137 0.278818
0.106357 0.27869
0.107579 0.278472
0.108804 0.278351
0.110033 0.278145
0.111264 0.278031
0.112498 0.27784
0.113735 0.277734
0.114975 0.277558
0.116217 0.277461
0.117463 0.277302
0.118712 0.277216
0.119963 0.277077
0.121218 0.277001
0.122475 0.276884
0.123736 0.27682
0.124999 0.276728
0.126266 0.276678
0.127535 0.276612
0.128807 0.276577
0.130083 0.276542
0.131361 0.276524
0.132643 0.276523
0.133927 0.276532
0.135215 0.276554
0.136505 0.276597
0.137799 0.276641
0.139096 0.276729
0.140395 0.276797
0.141698 0.276933
0.143004 0.277027
0.144313 0.277216
0.145625 0.27734
0.14694 0.277587
0.148258 0.277743
0.149579 0.278055
0.150904 0.278246
0.152231 0.278629
0.153562 0.278859
0.154896 0.279321
0.156233 0.279594
0.157573 0.280141
0.158916 0.280462
0.160263 0.281104
0.161613 0.281476
0.162965 0.282222
0.164321 0.282651
0.165681 0.283511
0.167043 0.284002
0.168409 0.284986
0.169778 0.285545
0.17115 0.286665
0.172525 0.287298
0.173904 0.288567
0.175286 0.289281
0.176671 0.290711
0.178059 0.291514
0.179451 0.293119
0.180846 0.294019
0.182244 0.295814
0.183646 0.296819
0.18505 0.298821
0.186459 0.299939
0.18787 0.302165
0.189285 0.303405
0.190703 0.305874
0.192124 0.307246
0.193549 0.309979
0.194978 0.311492
0.196409 0.314509
0.197844 0.316175
0.199282 0.319497
0.200724 0.321328
0.202169 0.324978
0.203618 0.326987
0.20507 0.330987
0.206525 0.333186
0.207903 0.337311
0.209207 0.339443
0.210526 0.343712
0.211859 0.346056
0.213207 0.350757
0.214569 0.353337
0.215947 0.358511
0.217339 0.361352
0.218746 0.367044
0.220168 0.370174
0.221606 0.376435
0.22306 0.379883
0.224529 0.38677
0.226015 0.390567
0.227516 0.398145
0.229034 0.402324
0.230569 0.410667
0.23212 0.415268
0.233687 0.424449
0.235272 0.429521
0.236875 0.439621
0.238494 0.445217
0.240131 0.45633
0.241786 0.462507
0.243459 0.474743
0.24515 0.481562
0.24686 0.495044
0.248588 0.502572
0.250335 0.517446
0.252101 0.52576
0.253886 0.542183
0.25569 0.55138
0.257514 0.569525
0.259358 0.579719
0.261222 0.599784
0.263106 0.6111
0.265011 0.633326
0.266937 0.6459
0.268883 0.670578
0.27085 0.684565
0.272839 0.71203
0.27485 0.727622
0.276882 0.758254
0.278936 0.775694
0.281013 0.809923
0.283113 0.829508
0.285235 0.867842
0.28738 0.889923
0.289548 0.932983
0.291741 0.957955
0.293956 1.00653
0.296196 1.03484
0.298461 1.08988
0.30075 1.1221
0.303064 1.18474
0.305403 1.22159
0.307767 1.29316
0.310157 1.33555
0.312573 1.41767
0.315016 1.46674
0.317485 1.5614
0.31998 1.61853
0.322503 1.72824
0.325053 1.79509
0.327632 1.92302
0.330238 2.00164
0.332872 2.15176
0.335535 2.24464
0.338227 2.42185
0.340948 2.53202
0.343699 2.74179
0.346479 2.87367
0.34929 3.12381
0.352132 3.28262
0.355004 3.58226
0.357908 3.77427
0.360843 4.13242
0.36381 4.37307
0.366809 4.82282
0.369841 5.13887
0.372906 5.72224
0.376004 6.12764
0.379136 6.87319
0.382302 7.38486
0.385502 8.3272
0.388737 8.96082
0.392007 10.1373
0.395313 10.8637
0.398654 12.7895
0.402032 16.009
0.405447 19.4228
0.408899 23.3132
0.412388 27.5105
0.415916 32.1058
0.419481 36.9945
0.423086 42.1737
0.426729 47.5412
0.430412 53.0399
0.434136 58.5607
0.437899 64.024
0.441704 69.3278
0.44555 74.3999
0.449437 79.1643
0.453367 83.5773
0.45734 87.601
0.461356 91.2261
0.465415 94.4483
0.469519 97.2848
0.473667 99.7524
0.477861 101.882
0.4821 103.699
0.486385 105.236
0.490716 106.522
0.495095 107.586
0.499521 108.453
0.503995 109.146
0.508518 109.691
0.51309 110.097
0.517712 110.399
0.522384 110.587
0.527107 110.71
0.531881 110.732
0.536707 110.709
0.541586 110.647
0.546518 110.529
0.551503 110.376
0.556542 110.194
0.561636 109.99
0.566786 109.77
0.571991 109.538
0.577253 109.297
0.582572 109.052
0.587949 108.805
0.593385 108.559
0.59888 108.314
0.604434 108.073
0.610048 107.835
0.615724 107.602
0.621462 107.373
0.627261 107.15
0.633124 106.93
0.639051 106.715
0.645042 106.503
0.651098 106.296
0.657219 106.092
0.663408 105.891
0.669664 105.694
0.675987 105.5
0.68238 105.309
0.688842 105.122
0.695374 104.937
0.701977 104.757
0.708652 104.579
0.715399 104.405
0.72222 104.234
0.729115 104.066
0.736085 103.9
0.74313 103.738
0.750252 103.578
0.757452 103.422
0.76473 103.266
0.772087 103.115
0.779524 102.963
0.787042 102.817
0.794641 102.67
0.802323 102.529
0.810089 102.386
0.817939 102.248
0.825874 102.109
0.833896 101.975
0.842004 101.839
0.850201 101.709
0.858487 101.576
0.866863 101.449
0.87533 101.319
0.883889 101.195
0.892542 101.067
0.901288 100.946
0.910129 100.821
0.919066 100.702
0.928101 100.579
0.93826 100.45
0.949496 100.304
0.960731 100.167
0.971966 100.028
0.983202 99.8967
0.994437 99.7633
1.00567 99.6375
1.01691 99.5096
1.02814 99.3887
1.03938 99.2659
1.05061 99.1495
1.06185 99.0313
1.07308 98.9189
1.08432 98.8051
1.09555 98.6963
1.10679 98.5868
1.11803 98.4813
1.12926 98.3758
1.1405 98.2735
1.15173 98.1716
1.16297 98.0723
1.1742 97.9737
1.18544 97.8775
1.19667 97.7816
1.20791 97.6885
1.21914 97.5953
1.23038 97.5052
1.24161 97.4145
1.25285 97.3272
1.26409 97.2388
1.27532 97.1541
1.28656 97.068
1.29779 96.9857
1.30903 96.9018
1.32026 96.8218
1.3315 96.74
1.34273 96.6622
1.35397 96.5824
1.3652 96.5066
1.37644 96.429
1.38767 96.3549
1.39891 96.2794
1.41014 96.207
1.42138 96.1334
1.43262 96.0626
1.44385 95.9908
1.45509 95.9216
1.46632 95.8516
1.47756 95.7839
1.48879 95.7156
1.50003 95.6493
1.51126 95.5826
1.5225 95.5177
1.53373 95.4526
1.54497 95.3891
1.5562 95.3254
1.56744 95.2632
1.57867 95.2009
1.58991 95.14
1.60115 95.079
1.61238 95.0194
1.62362 94.9596
1.63485 94.9012
1.64609 94.8426
1.65732 94.7855
1.66856 94.728
1.67979 94.6721
1.69103 94.6157
1.70226 94.5609
1.7135 94.5055
1.72473 94.4518
1.73597 94.3975
1.7472 94.3448
1.75844 94.2914
1.76968 94.2397
1.78091 94.1872
1.79215 94.1365
1.80338 94.0849
1.81462 94.0352
1.82585 93.9844
1.83709 93.9356
1.84832 93.8857
1.85956 93.8376
1.87079 93.7887
1.88203 93.7411
1.89326 93.6934
1.9045 93.6458
1.91573 93.5999
1.92697 93.5512
1.93821 93.5087
1.94944 93.4563
1.96068 93.4203
1.97191 93.3602
1.98315 93.3323
1.99438 93.2577
